17
36,797739   10,185537  620  0,5
36,812291   10,18046   917  0,5
36,801665   10,183016  750  0,5
36,801175   10,183477  240  1
36,801085   10,188156  35   0,5
36,80981     10,173134  90   0,5
36,792198   10,17578   35   0,5
36,804509   10,186921  750  1
36,806931   10,16439   70   0,5
36,799062   10,165764  1200 1 
36,804646   10,171493  60   0,5
36,803091   10,169647  36   0,5
36,799028   10,181021  243  1
36,818329   10,184067  250  0,5
36,813605   10,176578  250  0,5
36,806252   10,182597  300  0,5
36,79953    10,185178  150  1

